0 [7.00e-01, 1.10e+00, 8.00e-01, 8.00e-01]
100 [6.18e-01, 1.17e+00, 7.14e-01, 9.00e-01]
200 [5.89e-01, 1.19e+00, 6.62e-01, 9.52e-01]
300 [5.87e-01, 1.19e+00, 6.67e-01, 9.42e-01]
400 [5.84e-01, 1.19e+00, 6.72e-01, 9.32e-01]
500 [5.80e-01, 1.20e+00, 6.77e-01, 9.24e-01]
600 [5.78e-01, 1.20e+00, 6.81e-01, 9.16e-01]
700 [5.76e-01, 1.20e+00, 6.84e-01, 9.09e-01]
800 [5.74e-01, 1.20e+00, 6.86e-01, 9.04e-01]
900 [5.74e-01, 1.20e+00, 6.87e-01, 8.99e-01]
1000 [5.74e-01, 1.19e+00, 6.89e-01, 8.94e-01]
1100 [5.74e-01, 1.19e+00, 6.90e-01, 8.90e-01]
1200 [5.74e-01, 1.19e+00, 6.91e-01, 8.86e-01]
1300 [5.74e-01, 1.19e+00, 6.91e-01, 8.82e-01]
1400 [5.74e-01, 1.18e+00, 6.92e-01, 8.78e-01]
1500 [5.75e-01, 1.18e+00, 6.93e-01, 8.74e-01]
1600 [5.75e-01, 1.18e+00, 6.94e-01, 8.71e-01]
1700 [5.75e-01, 1.17e+00, 6.94e-01, 8.68e-01]
1800 [5.75e-01, 1.17e+00, 6.95e-01, 8.64e-01]
1900 [5.76e-01, 1.17e+00, 6.95e-01, 8.61e-01]
2000 [5.76e-01, 1.17e+00, 6.97e-01, 8.57e-01]
2100 [5.76e-01, 1.16e+00, 6.97e-01, 8.54e-01]
2200 [5.76e-01, 1.16e+00, 6.97e-01, 8.52e-01]
2300 [5.76e-01, 1.16e+00, 6.98e-01, 8.48e-01]
2400 [5.76e-01, 1.16e+00, 6.98e-01, 8.46e-01]
2500 [5.76e-01, 1.15e+00, 6.99e-01, 8.44e-01]
2600 [5.76e-01, 1.15e+00, 6.99e-01, 8.42e-01]
2700 [5.76e-01, 1.15e+00, 6.99e-01, 8.39e-01]
2800 [5.76e-01, 1.15e+00, 7.00e-01, 8.36e-01]
2900 [5.76e-01, 1.15e+00, 7.00e-01, 8.35e-01]
3000 [5.76e-01, 1.15e+00, 7.01e-01, 8.33e-01]
3100 [5.76e-01, 1.14e+00, 7.01e-01, 8.31e-01]
3200 [5.76e-01, 1.14e+00, 7.01e-01, 8.29e-01]
3300 [5.75e-01, 1.14e+00, 7.02e-01, 8.26e-01]
3400 [5.75e-01, 1.14e+00, 7.01e-01, 8.25e-01]
3500 [5.75e-01, 1.14e+00, 7.01e-01, 8.24e-01]
3600 [5.74e-01, 1.14e+00, 7.01e-01, 8.23e-01]
3700 [5.74e-01, 1.14e+00, 7.01e-01, 8.22e-01]
3800 [5.74e-01, 1.14e+00, 7.00e-01, 8.22e-01]
3900 [5.73e-01, 1.14e+00, 7.02e-01, 8.17e-01]
4000 [5.73e-01, 1.13e+00, 7.02e-01, 8.17e-01]
4100 [5.72e-01, 1.13e+00, 7.00e-01, 8.17e-01]
4200 [5.72e-01, 1.13e+00, 7.01e-01, 8.14e-01]
4300 [5.71e-01, 1.13e+00, 7.01e-01, 8.13e-01]
4400 [5.71e-01, 1.13e+00, 7.00e-01, 8.14e-01]
4500 [5.70e-01, 1.13e+00, 7.00e-01, 8.11e-01]
4600 [5.70e-01, 1.13e+00, 7.00e-01, 8.10e-01]
4700 [5.69e-01, 1.13e+00, 7.00e-01, 8.10e-01]
4800 [5.69e-01, 1.13e+00, 6.99e-01, 8.09e-01]
4900 [5.68e-01, 1.13e+00, 6.98e-01, 8.08e-01]
5000 [5.68e-01, 1.13e+00, 6.97e-01, 8.09e-01]
5100 [5.67e-01, 1.13e+00, 6.99e-01, 8.05e-01]
5200 [5.67e-01, 1.13e+00, 6.98e-01, 8.06e-01]
5300 [5.66e-01, 1.13e+00, 6.98e-01, 8.04e-01]
5400 [5.65e-01, 1.13e+00, 6.97e-01, 8.04e-01]
5500 [5.65e-01, 1.13e+00, 6.97e-01, 8.03e-01]
5600 [5.65e-01, 1.13e+00, 6.97e-01, 8.02e-01]
5700 [5.64e-01, 1.13e+00, 6.98e-01, 8.00e-01]
5800 [5.64e-01, 1.12e+00, 6.97e-01, 8.00e-01]
5900 [5.63e-01, 1.12e+00, 6.96e-01, 7.99e-01]
6000 [5.63e-01, 1.12e+00, 6.95e-01, 8.00e-01]
6100 [5.62e-01, 1.12e+00, 6.96e-01, 7.97e-01]
6200 [5.62e-01, 1.12e+00, 6.95e-01, 7.98e-01]
6300 [5.61e-01, 1.12e+00, 6.94e-01, 7.98e-01]
6400 [5.61e-01, 1.12e+00, 6.96e-01, 7.94e-01]
6500 [5.61e-01, 1.12e+00, 6.95e-01, 7.94e-01]
6600 [5.60e-01, 1.12e+00, 6.95e-01, 7.94e-01]
6700 [5.60e-01, 1.12e+00, 6.93e-01, 7.95e-01]
6800 [5.59e-01, 1.12e+00, 6.95e-01, 7.92e-01]
6900 [5.59e-01, 1.12e+00, 6.94e-01, 7.92e-01]
7000 [5.59e-01, 1.12e+00, 6.95e-01, 7.91e-01]
7100 [5.59e-01, 1.12e+00, 6.93e-01, 7.91e-01]
7200 [5.58e-01, 1.12e+00, 6.93e-01, 7.91e-01]
7300 [5.58e-01, 1.12e+00, 6.92e-01, 7.91e-01]
7400 [5.57e-01, 1.12e+00, 6.93e-01, 7.88e-01]
7500 [5.57e-01, 1.12e+00, 6.92e-01, 7.89e-01]
7600 [5.57e-01, 1.12e+00, 6.93e-01, 7.87e-01]
7700 [5.57e-01, 1.12e+00, 6.92e-01, 7.88e-01]
7800 [5.56e-01, 1.11e+00, 6.91e-01, 7.87e-01]
7900 [5.56e-01, 1.11e+00, 6.92e-01, 7.85e-01]
8000 [5.56e-01, 1.11e+00, 6.91e-01, 7.86e-01]
8100 [5.55e-01, 1.11e+00, 6.91e-01, 7.85e-01]
8200 [5.55e-01, 1.11e+00, 6.91e-01, 7.85e-01]
8300 [5.55e-01, 1.11e+00, 6.91e-01, 7.84e-01]
8400 [5.55e-01, 1.11e+00, 6.91e-01, 7.84e-01]
8500 [5.55e-01, 1.11e+00, 6.91e-01, 7.83e-01]
8600 [5.54e-01, 1.11e+00, 6.91e-01, 7.82e-01]
8700 [5.54e-01, 1.11e+00, 6.91e-01, 7.82e-01]
8800 [5.54e-01, 1.11e+00, 6.90e-01, 7.82e-01]
8900 [5.53e-01, 1.11e+00, 6.89e-01, 7.82e-01]
9000 [5.53e-01, 1.11e+00, 6.88e-01, 7.82e-01]
9100 [5.53e-01, 1.11e+00, 6.90e-01, 7.80e-01]
9200 [5.53e-01, 1.11e+00, 6.89e-01, 7.81e-01]
9300 [5.52e-01, 1.11e+00, 6.90e-01, 7.79e-01]
9400 [5.52e-01, 1.11e+00, 6.89e-01, 7.79e-01]
9500 [5.52e-01, 1.11e+00, 6.89e-01, 7.78e-01]
9600 [5.52e-01, 1.11e+00, 6.89e-01, 7.78e-01]
9700 [5.51e-01, 1.11e+00, 6.89e-01, 7.77e-01]
9800 [5.51e-01, 1.11e+00, 6.88e-01, 7.77e-01]
9900 [5.51e-01, 1.10e+00, 6.88e-01, 7.77e-01]
10000 [5.51e-01, 1.10e+00, 6.88e-01, 7.76e-01]
